Trial 0 successful, atoms coords:
CA [ 19.906 -21.957 -13.252]
C [ 18.749 -22.592 -12.492]

N [ 17.746 -23.142 -11.833]
CA [ 16.35  -23.55  -12.045]
C [ 14.838 -23.423 -11.852]

N [ 13.533 -23.313 -11.686]
CA [ 12.272 -23.269 -10.93 ]
C [ 11.164 -23.688  -9.962]

N [ 10.207 -24.049  -9.127]
CA [  9.594 -25.313  -8.696]
C [  9.956 -26.741  -9.109]

N [ 10.268 -27.973  -9.466]
CA [ 10.794 -29.315  -9.753]
C [ 10.25  -30.741  -9.863]

N [  9.78  -31.971  -9.958]
CA [  9.472 -33.281 -10.549]
C [  9.87  -34.184 -11.718]

N [ 10.214 -34.964 -12.727]
CA [ 11.196 -35.016 -13.819]
C [ 12.127 -35.162 -15.024]

N [ 12.931 -35.289 -16.064]
CA [ 14.094 -34.493 -16.483]
C [ 15.077 -33.58  -15.747]

N [ 15.925 -32.792 -15.112]
CA [ 17.23  -32.988 -14.464]
C [ 18.182 -34.04  -15.037]

Trial 7 successful, atoms coords:
CA [ 19.906 -21.957 -13.252]
C [ 18.749 -22.592 -12.492]

N [ 17.746 -23.142 -11.833]
CA [ 16.482 -23.891 -11.869]
C [ 15.865 -24.8   -12.933]

N [ 15.333 -25.585 -13.852]
CA [ 14.763 -25.765 -15.195]
C [ 14.379 -25.557 -16.661]

N [ 14.048 -25.377 -17.926]
CA [ 13.487 -24.818 -19.165]
C [ 12.299 -25.343 -19.974]

N [ 11.274 -25.795 -20.671]
CA [ 10.015 -26.467 -21.023]
C [  9.378 -27.826 -21.318]

N [  8.829 -28.999 -21.573]
CA [  8.645 -30.296 -20.905]
C [  8.998 -30.862 -19.528]

N [  9.303 -31.351 -18.34 ]
CA [  9.523 -32.251 -17.199]
C [ 10.718 -32.432 -16.26 ]

N [ 11.749 -32.589 -15.451]
CA [ 13.114 -32.152 -15.127]
C [ 14.627 -32.375 -15.076]

N [ 15.932 -32.568 -15.032]
CA [ 17.208 -33.069 -14.499]
C [ 18.202 -34.09  -15.056]

Trial 8 successful, atoms coords:
CA [ 19.906 -21.957 -13.252]
C [ 18.749 -22.592 -12.492]

N [ 17.746 -23.142 -11.833]
CA [ 17.326 -24.441 -11.288]
C [ 16.678 -25.319 -12.36 ]

N [ 16.118 -26.077 -13.284]
CA [ 16.674 -27.433 -13.401]
C [ 17.571 -28.63  -13.082]

N [ 18.346 -29.663 -12.807]
CA [ 18.689 -31.087 -12.685]
C [ 19.889 -31.933 -13.114]

N [ 20.925 -32.663 -13.485]
CA [ 21.912 -32.915 -14.545]
C [ 22.184 -32.891 -16.05 ]

N [ 22.419 -32.871 -17.349]
CA [ 21.781 -33.816 -18.277]
C [ 20.28  -34.11  -18.229]

N [ 18.986 -34.365 -18.187]
CA [ 17.94  -35.387 -18.333]
C [ 16.517 -35.465 -17.776]

N [ 15.289 -35.533 -17.296]
CA [ 14.535 -34.457 -16.636]
C [ 15.299 -33.447 -15.777]

N [ 15.958 -32.575 -15.036]
CA [ 17.231 -32.974 -14.419]
C [ 18.161 -34.031 -15.018]

Trial 11 successful, atoms coords:
CA [ 19.906 -21.957 -13.252]
C [ 18.749 -22.592 -12.492]

N [ 17.746 -23.142 -11.833]
CA [ 17.568 -24.061 -10.699]
C [ 17.186 -25.483 -10.286]

N [ 16.855 -26.711  -9.93 ]
CA [ 16.771 -28.178  -9.967]
C [ 16.464 -29.657 -10.207]

N [ 16.199 -30.934 -10.414]
CA [ 16.285 -32.358 -10.061]
C [ 15.628 -33.2    -8.965]

N [ 15.061 -33.926  -8.02 ]
CA [ 13.651 -34.021  -7.613]
C [ 12.667 -33.026  -6.994]

N [ 11.818 -32.168  -6.461]
CA [ 11.063 -31.101  -7.132]
C [ 11.037 -30.64   -8.591]

N [ 11.016 -30.243  -9.849]
CA [ 11.411 -30.552 -11.231]
C [ 11.82  -31.002 -12.635]

N [ 12.172 -31.39  -13.846]
CA [ 13.298 -31.873 -14.658]
C [ 14.757 -32.304 -14.828]

N [ 16.014 -32.676 -14.975]
CA [ 17.354 -32.962 -14.441]
C [ 18.039 -34.103 -15.196]

Trial 12 successful, atoms coords:
CA [ 19.906 -21.957 -13.252]
C [ 18.749 -22.592 -12.492]

N [ 17.746 -23.142 -11.833]
CA [ 16.872 -24.203 -12.355]
C [ 15.781 -23.862 -13.371]

N [ 14.84  -23.567 -14.249]
CA [ 14.307 -22.491 -15.096]
C [ 14.426 -22.243 -16.601]

N [ 14.528 -22.029 -17.899]
CA [ 14.592 -22.461 -19.303]
C [ 14.294 -23.538 -20.347]

N [ 14.036 -24.468 -21.248]
CA [ 13.898 -25.444 -22.339]
C [ 14.112 -26.862 -21.806]

N [ 14.297 -28.085 -21.345]
CA [ 13.474 -28.884 -20.426]
C [ 12.637 -28.647 -19.166]

N [ 11.916 -28.444 -18.08 ]
CA [ 11.722 -28.573 -16.629]
C [ 12.481 -29.185 -15.449]

N [ 13.135 -29.714 -14.432]
CA [ 13.873 -30.933 -14.073]
C [ 14.984 -31.826 -14.63 ]

N [ 15.942 -32.596 -15.111]
CA [ 17.186 -33.078 -14.493]
C [ 18.219 -34.08  -15.011]

Trial 15 successful, atoms coords:
CA [ 19.906 -21.957 -13.252]
C [ 18.749 -22.592 -12.492]

N [ 17.746 -23.142 -11.833]
CA [ 16.377 -23.383 -12.31 ]
C [ 15.828 -24.724 -12.802]

N [ 15.354 -25.88  -13.226]
CA [ 15.953 -26.578 -14.373]
C [ 17.219 -27.042 -15.097]

N [ 18.31  -27.442 -15.722]
CA [ 19.497 -27.832 -16.497]
C [ 19.889 -28.541 -17.795]

N [ 20.228 -29.152 -18.915]
CA [ 19.996 -30.177 -19.943]
C [ 19.449 -31.297 -20.829]

N [ 18.976 -32.264 -21.594]
CA [ 17.825 -33.178 -21.575]
C [ 16.373 -33.495 -21.213]

N [ 15.12  -33.768 -20.9  ]
CA [ 14.029 -34.174 -20.002]
C [ 13.339 -33.759 -18.701]

N [ 12.743 -33.401 -17.579]
CA [ 13.364 -32.781 -16.399]
C [ 14.73  -32.775 -15.711]

N [ 15.909 -32.77  -15.117]
CA [ 17.216 -32.982 -14.478]
C [ 18.176 -34.035 -15.035]

Trial 16 successful, atoms coords:
CA [ 19.906 -21.957 -13.252]
C [ 18.749 -22.592 -12.492]

N [ 17.746 -23.142 -11.833]
CA [ 16.61  -22.916 -10.929]
C [ 15.212 -23.063 -10.324]

N [ 14.006 -23.189  -9.802]
CA [ 12.927 -24.178  -9.671]
C [ 11.64  -23.384  -9.907]

N [ 10.531 -22.699 -10.111]
CA [  9.324 -23.069 -10.865]
C [  7.942 -23.311 -11.474]

N [  6.749 -23.519 -12.   ]
CA [  6.129 -24.206 -13.142]
C [  6.563 -25.209 -14.213]

N [  6.937 -26.075 -15.136]
CA [  7.888 -26.707 -16.062]
C [  8.809 -27.803 -16.6  ]

N [  9.605 -28.749 -17.064]
CA [ 10.322 -30.024 -16.914]
C [ 11.398 -30.933 -16.317]

N [ 12.327 -31.717 -15.803]
CA [ 13.493 -31.274 -15.025]
C [ 14.847 -31.985 -14.979]

N [ 16.015 -32.598 -14.94 ]
CA [ 17.299 -33.022 -14.364]
C [ 18.005 -34.074 -15.222]

Trial 18 successful, atoms coords:
CA [ 19.906 -21.957 -13.252]
C [ 18.749 -22.592 -12.492]

N [ 17.746 -23.142 -11.833]
CA [ 16.291 -23.162 -11.623]
C [ 15.06  -23.877 -12.181]

N [ 13.997 -24.494 -12.663]
CA [ 13.618 -25.893 -12.909]
C [ 14.074 -27.041 -13.812]

N [ 14.468 -28.031 -14.591]
CA [ 15.437 -28.607 -15.534]
C [ 16.046 -29.404 -16.69 ]

N [ 16.572 -30.091 -17.687]
CA [ 16.789 -31.458 -18.182]
C [ 16.848 -32.759 -18.985]

N [ 16.898 -33.881 -19.678]
CA [ 16.149 -34.823 -20.522]
C [ 14.762 -35.42  -20.77 ]

N [ 13.565 -35.935 -20.985]
CA [ 12.977 -35.475 -19.719]
C [ 13.095 -34.887 -18.311]

N [ 13.197 -34.38  -17.097]
CA [ 13.321 -33.312 -16.094]
C [ 14.704 -32.967 -15.537]

N [ 15.896 -32.669 -15.056]
CA [ 17.212 -33.024 -14.505]
C [ 18.202 -34.062 -15.04 ]

Trial 20 successful, atoms coords:
CA [ 19.906 -21.957 -13.252]
C [ 18.749 -22.592 -12.492]

N [ 17.746 -23.142 -11.833]
CA [ 17.374 -24.565 -11.829]
C [ 17.233 -26.088 -11.797]

N [ 17.111 -27.402 -11.769]
CA [ 17.231 -28.835 -11.465]
C [ 17.526 -30.28  -11.059]

N [ 17.78  -31.527 -10.709]
CA [ 18.508 -32.79  -10.521]
C [ 18.71  -34.02  -11.409]

N [ 18.884 -35.081 -12.175]
CA [ 18.94  -36.399 -12.823]
C [ 18.146 -37.503 -13.524]

N [ 17.461 -38.456 -14.129]
CA [ 16.089 -38.954 -14.301]
C [ 15.252 -38.589 -15.529]

N [ 14.53  -38.274 -16.588]
CA [ 13.464 -37.273 -16.738]
C [ 13.059 -35.798 -16.732]

N [ 12.71  -34.525 -16.727]
CA [ 13.447 -33.345 -16.251]
C [ 14.779 -32.964 -15.602]

N [ 15.928 -32.636 -15.041]
CA [ 17.261 -32.928 -14.495]
C [ 18.183 -34.027 -15.028]

Trial 21 successful, atoms coords:
CA [ 19.906 -21.957 -13.252]
C [ 18.749 -22.592 -12.492]

N [ 17.746 -23.142 -11.833]
CA [ 16.412 -22.659 -11.45 ]
C [ 15.366 -21.66  -11.949]

N [ 14.464 -20.798 -12.38 ]
CA [ 14.334 -20.49  -13.811]
C [ 13.696 -21.29  -14.948]

N [ 13.145 -21.981 -15.929]
CA [ 12.863 -21.958 -17.372]
C [ 13.554 -22.131 -18.726]

N [ 14.15  -22.28  -19.895]
CA [ 14.507 -23.534 -20.573]
C [ 13.435 -24.489 -21.104]

N [ 12.511 -25.312 -21.563]
CA [ 11.875 -26.202 -20.582]
C [ 12.434 -26.715 -19.253]

N [ 12.916 -27.158 -18.107]
CA [ 13.503 -28.172 -17.219]
C [ 14.192 -28.585 -15.917]

N [ 14.787 -28.94  -14.794]
CA [ 15.997 -29.697 -14.44 ]
C [ 15.998 -31.193 -14.761]

N [ 15.998 -32.483 -15.038]
CA [ 17.19  -33.113 -14.451]
C [ 18.17  -34.1   -15.088]

Trial 23 successful, atoms coords:
CA [ 19.906 -21.957 -13.252]
C [ 18.749 -22.592 -12.492]

N [ 17.746 -23.142 -11.833]
CA [ 17.024 -23.841 -12.906]
C [ 15.548 -24.237 -12.986]

N [ 14.275 -24.579 -13.056]
CA [ 14.07  -24.784 -14.497]
C [ 12.894 -25.482 -15.184]

N [ 11.88  -26.083 -15.776]
CA [ 11.729 -26.88  -17.002]
C [ 11.941 -27.58  -18.346]

N [ 12.124 -28.183 -19.506]
CA [ 12.178 -29.649 -19.593]
C [ 11.455 -30.9   -19.089]

N [ 10.831 -31.979 -18.654]
CA [ 11.029 -33.17  -17.815]
C [ 11.347 -34.292 -16.825]

N [ 11.622 -35.261 -15.971]
CA [ 11.719 -35.695 -14.57 ]
C [ 12.228 -34.663 -13.562]

N [ 12.667 -33.772 -12.693]
CA [ 13.644 -32.84  -13.275]
C [ 14.88  -32.779 -14.174]

N [ 15.947 -32.725 -14.949]
CA [ 17.305 -32.963 -14.439]
C [ 18.086 -34.077 -15.14 ]

Trial 25 successful, atoms coords:
CA [ 19.906 -21.957 -13.252]
C [ 18.749 -22.592 -12.492]

N [ 17.746 -23.142 -11.833]
CA [ 16.849 -22.229 -11.111]
C [ 16.665 -21.516  -9.77 ]

N [ 16.506 -20.9    -8.613]
CA [ 17.291 -19.743  -8.161]
C [ 17.597 -19.854  -9.656]

N [ 17.862 -19.95  -10.946]
CA [ 18.703 -20.77  -11.829]
C [ 18.598 -20.902 -13.35 ]

N [ 18.507 -21.015 -14.662]
CA [ 18.168 -21.876 -15.804]
C [ 18.176 -22.846 -16.987]

N [ 18.183 -23.683 -18.008]
CA [ 18.623 -24.807 -18.847]
C [ 18.866 -26.297 -18.6  ]

N [ 19.075 -27.583 -18.386]
CA [ 18.976 -28.654 -17.384]
C [ 17.506 -28.797 -16.985]

N [ 16.238 -28.92  -16.64 ]
CA [ 15.499 -30.188 -16.539]
C [ 15.858 -31.479 -15.802]

N [ 16.167 -32.594 -15.166]
CA [ 17.192 -33.116 -14.251]
C [ 18.025 -34.017 -15.166]

Trial 27 successful, atoms coords:
CA [ 19.906 -21.957 -13.252]
C [ 18.749 -22.592 -12.492]

N [ 17.746 -23.142 -11.833]
CA [ 17.045 -24.431 -11.931]
C [ 17.422 -25.864 -12.313]

N [ 17.746 -27.1   -12.643]
CA [ 17.434 -28.023 -13.744]
C [ 17.197 -29.526 -13.907]

N [ 16.992 -30.822 -14.048]
CA [ 16.756 -32.189 -14.535]
C [ 17.174 -33.655 -14.667]

N [ 17.534 -34.92  -14.78 ]
CA [ 17.771 -35.788 -15.943]
C [ 18.358 -35.165 -17.211]

N [ 18.864 -34.628 -18.305]
CA [ 18.518 -33.732 -19.417]
C [ 17.389 -33.658 -20.447]

N [ 16.415 -33.595 -21.336]
CA [ 15.119 -32.955 -21.067]
C [ 14.672 -32.797 -19.612]

N [ 14.286 -32.66  -18.357]
CA [ 14.818 -31.604 -17.484]
C [ 15.421 -32.194 -16.208]

N [ 15.941 -32.703 -15.107]
CA [ 17.254 -32.987 -14.509]
C [ 18.216 -34.057 -15.03 ]

Trial 29 successful, atoms coords:
CA [ 19.906 -21.957 -13.252]
C [ 18.749 -22.592 -12.492]

N [ 17.746 -23.142 -11.833]
CA [ 18.568 -24.264 -11.355]
C [ 19.955 -23.623 -11.419]

N [ 21.153 -23.069 -11.475]
CA [ 21.667 -22.599 -12.769]
C [ 20.601 -22.41  -13.85 ]

N [ 19.681 -22.246 -14.783]
CA [ 18.452 -22.299 -15.588]
C [ 17.387 -23.32  -15.991]

N [ 16.467 -24.201 -16.339]
CA [ 16.894 -25.046 -17.464]
C [ 16.671 -25.906 -18.709]

N [ 16.478 -26.647 -19.784]
CA [ 16.086 -27.525 -20.896]
C [ 15.461 -28.851 -21.334]

N [ 14.922 -29.995 -21.711]
CA [ 15.163 -31.166 -20.855]
C [ 15.714 -30.81  -19.473]

N [ 16.19  -30.503 -18.281]
CA [ 16.282 -30.261 -16.834]
C [ 16.221 -31.506 -15.947]

N [ 16.168 -32.58  -15.182]
CA [ 17.176 -33.129 -14.264]
C [ 18.048 -34.027 -15.144]

Trial 33 successful, atoms coords:
CA [ 19.906 -21.957 -13.252]
C [ 18.749 -22.592 -12.492]

N [ 17.746 -23.142 -11.833]
CA [ 16.48  -23.068 -11.091]
C [ 15.697 -22.127 -10.174]

N [ 15.022 -21.314  -9.382]
CA [ 14.63  -21.657  -8.007]
C [ 14.346 -23.057  -7.459]

N [ 14.101 -24.265  -6.986]
CA [ 13.346 -25.524  -6.923]
C [ 12.064 -25.991  -6.229]

N [ 10.959 -26.393  -5.631]
CA [ 10.412 -27.748  -5.47 ]
C [ 10.216 -28.409  -6.835]

N [ 10.047 -28.979  -8.014]
CA [  9.195 -29.18   -9.195]
C [  9.224 -30.42  -10.091]

N [  9.249 -31.49  -10.863]
CA [  9.9   -32.333 -11.877]
C [ 11.226 -32.038 -12.582]

N [ 12.369 -31.785 -13.19 ]
CA [ 13.837 -31.852 -13.138]
C [ 14.961 -32.243 -14.1  ]

N [ 15.93 -32.58 -14.93]
CA [ 17.239 -33.032 -14.436]
C [ 18.127 -34.077 -15.115]

Trial 34 successful, atoms coords:
CA [ 19.906 -21.957 -13.252]
C [ 18.749 -22.592 -12.492]

N [ 17.746 -23.142 -11.833]
CA [ 17.109 -24.467 -11.842]
C [ 16.991 -25.822 -12.543]

N [ 16.889 -26.99  -13.148]
CA [ 15.873 -28.052 -13.097]
C [ 14.804 -28.143 -12.007]

N [ 13.882 -28.221 -11.066]
CA [ 12.583 -27.556 -10.883]
C [ 11.76 -28.06 -12.07]

N [ 11.05  -28.494 -13.095]
CA [ 10.975 -28.067 -14.499]
C [ 11.124 -26.752 -15.267]

N [ 11.253 -25.618 -15.93 ]
CA [ 12.269 -24.864 -16.678]
C [ 13.45  -25.224 -17.583]

N [ 14.468 -25.534 -18.363]
CA [ 15.119 -26.316 -17.302]
C [ 14.714 -27.751 -16.957]

N [ 14.364 -28.988 -16.66 ]
CA [ 14.931 -30.076 -15.849]
C [ 15.583 -31.4   -15.444]

N [ 16.145 -32.541 -15.094]
CA [ 17.205 -33.138 -14.268]
C [ 18.039 -34.032 -15.188]

Trial 39 successful, atoms coords:
CA [ 19.906 -21.957 -13.252]
C [ 18.749 -22.592 -12.492]

N [ 17.746 -23.142 -11.833]
CA [ 17.528 -23.818 -10.546]
C [ 16.644 -24.943 -10.006]

N [ 15.881 -25.915  -9.54 ]
CA [ 15.924 -26.743  -8.326]
C [ 16.573 -27.972  -7.687]

N [ 17.133 -29.033  -7.135]
CA [ 17.991 -29.364  -5.988]
C [ 19.111 -30.193  -5.356]

N [ 20.077 -30.908  -4.811]
CA [ 21.408 -31.498  -4.608]
C [ 21.745 -31.59   -6.098]

N [ 22.035 -31.67   -7.383]
CA [ 21.555 -30.695  -8.373]
C [ 20.399 -29.951  -9.045]

N [ 19.402 -29.309  -9.624]
CA [ 18.211 -28.963 -10.413]
C [ 17.107 -29.348 -11.4  ]

N [ 16.155 -29.681 -12.251]
CA [ 15.283 -30.51  -13.095]
C [ 15.681 -31.601 -14.091]

N [ 16.025 -32.543 -14.95 ]
CA [ 17.264 -33.109 -14.396]
C [ 18.097 -34.105 -15.205]

Trial 47 successful, atoms coords:
CA [ 19.906 -21.957 -13.252]
C [ 18.749 -22.592 -12.492]

N [ 17.746 -23.142 -11.833]
CA [ 17.187 -24.491 -11.659]
C [ 17.964 -25.684 -12.221]

N [ 18.633 -26.713 -12.706]
CA [ 18.456 -27.678 -13.8  ]
C [ 16.982 -27.705 -14.212]

N [ 15.711 -27.728 -14.567]
CA [ 14.601 -27.286 -13.712]
C [ 13.49  -27.205 -12.662]

N [ 12.532 -27.136 -11.757]
CA [ 11.077 -27.219 -11.948]
C [  9.969 -28.094 -11.36 ]

N [  9.013 -28.849 -10.852]
CA [  8.598 -30.051 -11.592]
C [  9.016 -30.461 -13.005]

N [  9.377 -30.815 -14.224]
CA [ 10.58  -30.715 -15.064]
C [ 11.982 -30.36  -15.561]

N [ 13.192 -30.054 -15.991]
CA [ 14.653 -30.219 -16.016]
C [ 15.435 -31.431 -15.508]

N [ 16.111 -32.477 -15.069]
CA [ 17.186 -33.138 -14.316]
C [ 18.073 -34.051 -15.165]

Trial 50 successful, atoms coords:
CA [ 19.906 -21.957 -13.252]
C [ 18.749 -22.592 -12.492]

N [ 17.746 -23.142 -11.833]
CA [ 16.539 -22.974 -11.012]
C [ 15.499 -23.623 -11.927]

N [ 14.602 -24.183 -12.716]
CA [ 13.48  -24.193 -11.767]
C [ 12.187 -23.476 -12.16 ]

N [ 11.071 -22.857 -12.499]
CA [ 11.219 -22.231 -13.82 ]
C [ 11.125 -21.192 -14.94 ]

N [ 11.044 -20.296 -15.906]
CA [ 11.124 -21.157 -17.095]
C [ 11.939 -22.251 -17.787]

N [ 12.642 -23.195 -18.384]
CA [ 13.923 -23.826 -18.735]
C [ 14.894 -24.999 -18.884]

N [ 15.732 -26.011 -19.014]
CA [ 16.18 -27.4  -18.84]
C [ 16.954 -28.641 -18.392]

N [ 17.622 -29.712 -18.005]
CA [ 17.114 -30.43  -16.826]
C [ 16.563 -31.531 -15.919]

N [ 16.088 -32.482 -15.136]
CA [ 17.156 -33.147 -14.376]
C [ 18.148 -34.086 -15.065]

Trial 51 successful, atoms coords:
CA [ 19.906 -21.957 -13.252]
C [ 18.749 -22.592 -12.492]

N [ 17.746 -23.142 -11.833]
CA [ 17.209 -24.147 -10.905]
C [ 17.606 -25.518 -10.353]

N [ 17.949 -26.701  -9.877]
CA [ 17.342 -27.722  -9.012]
C [ 16.274 -28.818  -8.986]

N [ 15.353 -29.763  -8.964]
CA [ 14.156 -30.021  -8.151]
C [ 12.875 -29.419  -7.57 ]

N [ 11.77  -28.899  -7.069]
CA [ 10.399 -29.271  -7.449]
C [ 10.024 -29.295  -8.932]

N [  9.7   -29.316 -10.212]
CA [ 10.464 -30.033 -11.243]
C [ 10.641 -30.537 -12.677]

N [ 10.793 -30.972 -13.914]
CA [ 10.985 -31.811 -15.105]
C [ 11.874 -31.945 -16.343]

N [ 12.641 -32.061 -17.411]
CA [ 14.106 -32.091 -17.291]
C [ 15.141 -32.357 -16.196]

N [ 16.033 -32.587 -15.251]
CA [ 17.125 -33.096 -14.409]
C [ 18.154 -34.06  -15.002]

Trial 53 successful, atoms coords:
CA [ 19.906 -21.957 -13.252]
C [ 18.749 -22.592 -12.492]

N [ 17.746 -23.142 -11.833]
CA [ 17.044 -24.433 -11.859]
C [ 16.403 -25.159 -10.675]

N [ 15.849 -25.785  -9.653]
CA [ 15.37  -27.153  -9.901]
C [ 15.466 -28.189 -11.022]

N [ 15.549 -29.083 -11.99 ]
CA [ 16.676 -29.937 -12.392]
C [ 17.523 -30.926 -13.195]

N [ 18.254 -31.779 -13.888]
CA [ 18.829 -32.792 -14.785]
C [ 18.907 -33.947 -15.786]

N [ 18.975 -34.943 -16.649]
CA [ 17.853 -35.688 -17.239]
C [ 16.922 -36.548 -18.096]

N [ 16.118 -37.29  -18.835]
CA [ 14.937 -36.619 -19.397]
C [ 14.285 -35.438 -18.676]

N [ 13.723 -34.418 -18.054]
CA [ 14.707 -33.407 -17.642]
C [ 15.365 -33.025 -16.315]

N [ 15.933 -32.695 -15.17 ]
CA [ 17.179 -33.056 -14.478]
C [ 18.21  -34.058 -15.001]

Trial 56 successful, atoms coords:
CA [ 19.906 -21.957 -13.252]
C [ 18.749 -22.592 -12.492]

N [ 17.746 -23.142 -11.833]
CA [ 16.511 -23.231 -11.041]
C [ 15.317 -22.3   -11.262]

N [ 14.287 -21.496 -11.452]
CA [ 12.983 -21.911 -11.99 ]
C [ 12.165 -23.184 -12.217]

N [ 11.459 -24.282 -12.414]
CA [ 10.974 -25.328 -11.502]
C [  9.908 -26.064 -10.688]

N [  8.988 -26.699  -9.986]
CA [  7.81  -27.486  -9.593]
C [  7.66  -28.857  -8.932]

N [  7.53  -30.04   -8.361]
CA [  7.593 -31.473  -8.682]
C [  8.786 -32.159  -9.351]

N [  9.816 -32.75   -9.927]
CA [ 11.1   -33.025 -10.588]
C [ 12.166 -33.654 -11.487]

N [ 13.086 -34.197 -12.263]
CA [ 13.836 -33.267 -13.119]
C [ 14.959 -32.929 -14.102]

N [ 15.927 -32.637 -14.949]
CA [ 17.276 -32.988 -14.482]
C [ 18.143 -34.081 -15.11 ]

Trial 58 successful, atoms coords:
CA [ 19.906 -21.957 -13.252]
C [ 18.749 -22.592 -12.492]

N [ 17.746 -23.142 -11.833]
CA [ 16.46  -23.266 -11.133]
C [ 15.195 -22.583 -11.659]

N [ 14.105 -21.994 -12.113]
CA [ 12.914 -22.414 -12.864]
C [ 11.399 -22.614 -12.957]

N [ 10.093 -22.786 -13.037]
CA [  8.821 -23.331 -13.532]
C [  8.495 -24.813 -13.73 ]

N [  8.213 -26.091 -13.9  ]
CA [  7.31  -26.783 -14.831]
C [  7.236 -27.981 -15.779]

N [  7.171 -29.015 -16.597]
CA [  6.903 -30.216 -17.402]
C [  8.061 -31.163 -17.722]

N [  9.06  -31.98  -17.999]
CA [ 10.149 -32.945 -17.787]
C [ 11.544 -33.517 -17.527]

N [ 12.747 -34.011 -17.304]
CA [ 13.7   -34.15  -16.193]
C [ 14.93  -33.448 -15.615]

N [ 15.991 -32.842 -15.117]
CA [ 17.273 -32.914 -14.4  ]
C [ 18.068 -34.022 -15.094]

Trial 59 successful, atoms coords:
CA [ 19.906 -21.957 -13.252]
C [ 18.749 -22.592 -12.492]

N [ 17.746 -23.142 -11.833]
CA [ 16.708 -22.826 -10.842]
C [ 15.85  -22.286 -11.989]

N [ 15.111 -21.82  -12.978]
CA [ 13.961 -20.926 -12.78 ]
C [ 12.786 -20.654 -13.721]

N [ 11.772 -20.419 -14.534]
CA [ 10.399 -20.816 -14.876]
C [  9.351 -21.927 -14.783]

N [  8.447 -22.885 -14.702]
CA [  8.578 -24.31  -14.366]
C [  8.766 -25.818 -14.19 ]

N [  8.928 -27.12  -14.038]
CA [  8.161 -28.334 -13.727]
C [  8.58  -29.615 -14.451]

N [  8.941 -30.721 -15.076]
CA [  9.212 -32.124 -14.733]
C [ 10.678 -32.544 -14.857]

N [ 11.943 -32.906 -14.963]
CA [ 13.226 -33.333 -14.387]
C [ 14.691 -33.021 -14.703]

N [ 15.954 -32.752 -14.976]
CA [ 17.308 -32.928 -14.432]
C [ 18.065 -34.059 -15.132]

Trial 62 successful, atoms coords:
CA [ 19.906 -21.957 -13.252]
C [ 18.749 -22.592 -12.492]

N [ 17.746 -23.142 -11.833]
CA [ 17.681 -24.602 -11.675]
C [ 17.293 -25.77  -12.584]

N [ 16.957 -26.777 -13.368]
CA [ 17.263 -28.09  -13.955]
C [ 16.933 -29.583 -13.9  ]

N [ 16.649 -30.871 -13.853]
CA [ 16.86  -32.268 -13.448]
C [ 17.439 -33.606 -12.984]

N [ 17.939 -34.761 -12.584]
CA [ 18.009 -36.225 -12.477]
C [ 17.581 -37.568 -13.073]

N [ 17.211 -38.726 -13.587]
CA [ 15.746 -38.695 -13.699]
C [ 14.434 -38.429 -14.439]

N [ 13.302 -38.199 -15.079]
CA [ 12.663 -36.875 -15.059]
C [ 12.872 -35.677 -15.987]

N [ 13.052 -34.644 -16.788]
CA [ 14.111 -33.688 -17.144]
C [ 15.099 -33.227 -16.071]

N [ 15.952 -32.829 -15.145]
CA [ 17.207 -32.996 -14.399]
C [ 18.138 -34.026 -15.042]

Trial 64 successful, atoms coords:
CA [ 19.906 -21.957 -13.252]
C [ 18.749 -22.592 -12.492]

N [ 17.746 -23.142 -11.833]
CA [ 17.376 -24.514 -12.21 ]
C [ 18.169 -25.622 -11.514]

N [ 18.853 -26.578 -10.914]
CA [ 20.256 -26.94  -11.157]
C [ 21.711 -26.492 -11.31 ]

N [ 22.967 -26.106 -11.442]
CA [ 23.383 -24.83  -12.041]
C [ 22.942 -23.47  -12.584]

N [ 22.561 -22.296 -13.053]
CA [ 21.309 -21.553 -12.848]
C [ 19.925 -22.204 -12.883]

N [ 18.731 -22.766 -12.914]
CA [ 18.589 -24.048 -13.618]
C [ 18.209 -25.309 -14.397]

N [ 17.881 -26.396 -15.07 ]
CA [ 17.639 -27.153 -16.307]
C [ 16.397 -28.046 -16.297]

N [ 15.325 -28.817 -16.289]
CA [ 15.039 -30.121 -15.674]
C [ 15.512 -31.531 -15.313]

N [ 15.92  -32.747 -15.001]
CA [ 17.182 -33.146 -14.363]
C [ 18.128 -34.079 -15.123]

Trial 68 successful, atoms coords:
CA [ 19.906 -21.957 -13.252]
C [ 18.749 -22.592 -12.492]

N [ 17.746 -23.142 -11.833]
CA [ 16.305 -23.426 -11.89 ]
C [ 14.949 -23.722 -12.535]

N [ 13.78  -23.977 -13.091]
CA [ 12.426 -24.39  -13.489]
C [ 11.232 -25.079 -14.151]

N [ 10.201 -25.674 -14.722]
CA [  9.298 -26.499 -15.538]
C [  9.337 -26.99  -16.986]

N [  9.37  -27.414 -18.236]
CA [  9.068 -28.663 -18.951]
C [  8.195 -29.911 -19.094]

N [  7.442 -30.988 -19.218]
CA [  8.418 -32.026 -18.859]
C [  8.7   -32.941 -17.666]

N [  8.944 -33.73  -16.636]
CA [  9.55  -33.194 -15.409]
C [ 10.865 -32.777 -14.748]

N [ 12.    -32.417 -14.179]
CA [ 13.467 -32.323 -14.161]
C [ 14.884 -32.422 -14.73 ]

N [ 16.107 -32.507 -15.221]
CA [ 17.142 -33.103 -14.364]
C [ 18.128 -34.061 -15.036]

Trial 70 successful, atoms coords:
CA [ 19.906 -21.957 -13.252]
C [ 18.749 -22.592 -12.492]

N [ 17.746 -23.142 -11.833]
CA [ 16.363 -23.636 -11.762]
C [ 15.274 -24.351 -12.564]

N [ 14.335 -24.968 -13.257]
CA [ 14.142 -26.119 -14.15 ]
C [ 12.689 -26.343 -14.575]

N [ 11.436 -26.538 -14.941]
CA [ 10.655 -26.655 -16.181]
C [  9.923 -27.872 -16.751]

N [  9.291 -28.921 -17.243]
CA [  8.554 -29.794 -18.168]
C [  8.825 -30.942 -19.143]

N [  9.059 -31.933 -19.984]
CA [  9.799 -32.681 -21.01 ]
C [ 11.246 -32.914 -21.446]

N [ 12.495 -33.116 -21.823]
CA [ 13.57  -33.984 -21.322]
C [ 14.539 -33.51  -20.238]

N [ 15.376 -33.101 -19.302]
CA [ 15.373 -33.511 -17.89 ]
C [ 15.72  -33.063 -16.468]

N [ 16.019 -32.677 -15.242]
CA [ 17.189 -33.044 -14.431]
C [ 18.202 -34.054 -14.975]

Trial 74 successful, atoms coords:
CA [ 19.906 -21.957 -13.252]
C [ 18.749 -22.592 -12.492]

N [ 17.746 -23.142 -11.833]
CA [ 16.985 -22.602 -10.698]
C [ 15.529 -23.074 -10.705]

N [ 14.274 -23.481 -10.712]
CA [ 12.994 -24.135 -10.404]
C [ 11.64  -24.778 -10.711]

N [ 10.472 -25.333 -10.977]
CA [ 10.251 -26.776 -10.802]
C [  9.665 -27.936  -9.995]

N [  9.16  -28.937  -9.299]
CA [  8.637 -30.227  -8.826]
C [  9.263 -31.567  -8.433]

N [  9.803 -32.722  -8.094]
CA [ 10.328 -34.046  -8.458]
C [ 11.387 -34.921  -9.131]

N [ 12.302 -35.675  -9.712]
CA [ 12.57  -35.747 -11.156]
C [ 12.777 -34.733 -12.282]

N [ 12.956 -33.858 -13.254]
CA [ 13.423 -33.279 -14.522]
C [ 14.849 -32.861 -14.887]

N [ 16.079 -32.5   -15.201]
CA [ 17.126 -33.129 -14.382]
C [ 18.126 -34.067 -15.06 ]

Trial 80 successful, atoms coords:
CA [ 19.906 -21.957 -13.252]
C [ 18.749 -22.592 -12.492]

N [ 17.746 -23.142 -11.833]
CA [ 17.339 -23.73  -10.549]
C [ 16.535 -25.006 -10.293]

N [ 15.842 -26.108 -10.071]
CA [ 16.525 -27.409 -10.087]
C [ 17.508 -27.74  -11.212]

N [ 18.355 -28.026 -12.182]
CA [ 18.679 -29.234 -12.956]
C [ 19.607 -30.229 -12.256]

N [ 20.407 -31.088 -11.652]
CA [ 21.206 -32.092 -12.369]
C [ 21.471 -32.018 -13.875]

N [ 21.699 -31.954 -15.173]
CA [ 20.742 -32.093 -16.28 ]
C [ 20.363 -33.05  -17.411]

N [ 20.036 -33.877 -18.388]
CA [ 18.622 -34.275 -18.43 ]
C [ 17.214 -33.676 -18.406]

N [ 15.999 -33.16  -18.386]
CA [ 15.138 -32.199 -17.682]
C [ 15.561 -32.472 -16.237]

N [ 15.926 -32.707 -14.99 ]
CA [ 17.289 -32.95  -14.497]
C [ 18.095 -34.082 -15.137]

Trial 83 successful, atoms coords:
CA [ 19.906 -21.957 -13.252]
C [ 18.749 -22.592 -12.492]

N [ 17.746 -23.142 -11.833]
CA [ 16.311 -23.015 -12.123]
C [ 14.822 -23.254 -11.863]

N [ 13.537 -23.46  -11.639]
CA [ 12.39  -24.369 -11.773]
C [ 10.908 -24.689 -11.976]

N [  9.629 -24.966 -12.151]
CA [  8.531 -25.421 -13.016]
C [  8.375 -25.654 -14.52 ]

N [  8.241 -25.856 -15.817]
CA [  8.85  -26.344 -17.064]
C [ 10.095 -27.024 -17.636]

N [ 11.169 -27.611 -18.129]
CA [ 11.44  -28.104 -19.487]
C [ 10.838 -29.472 -19.813]

N [ 10.318 -30.652 -20.094]
CA [ 10.708 -31.639 -19.077]
C [ 11.462 -31.992 -17.793]

N [ 12.113 -32.296 -16.686]
CA [ 13.142 -32.762 -15.746]
C [ 14.623 -32.714 -15.363]

N [ 15.9   -32.673 -15.032]
CA [ 17.233 -33.008 -14.511]
C [ 18.193 -34.066 -15.058]

Trial 86 successful, atoms coords:
CA [ 19.906 -21.957 -13.252]
C [ 18.749 -22.592 -12.492]

N [ 17.746 -23.142 -11.833]
CA [ 16.284 -23.226 -11.702]
C [ 15.397 -24.421 -11.346]

N [ 14.632 -25.451 -11.039]
CA [ 15.171 -26.818 -11.082]
C [ 16.477 -27.616 -11.086]

N [ 17.603 -28.304 -11.089]
CA [ 18.634 -28.77  -12.027]
C [ 18.993 -28.247 -13.42 ]

N [ 19.302 -27.797 -14.622]
CA [ 19.706 -27.06  -15.828]
C [ 20.323 -25.929 -16.653]

N [ 20.856 -24.954 -17.366]
CA [ 20.232 -25.278 -18.656]
C [ 19.953 -26.688 -19.181]

N [ 19.713 -27.905 -19.634]
CA [ 18.767 -28.946 -20.059]
C [ 17.648 -29.731 -19.372]

N [ 16.682 -30.408 -18.779]
CA [ 16.266 -31.146 -17.578]
C [ 16.115 -31.885 -16.246]

N [ 15.985 -32.522 -15.098]
CA [ 17.163 -33.12  -14.454]
C [ 18.196 -34.094 -15.026]

Trial 88 successful, atoms coords:
CA [ 19.906 -21.957 -13.252]
C [ 18.749 -22.592 -12.492]

N [ 17.746 -23.142 -11.833]
CA [ 17.47  -24.128 -10.778]
C [ 17.352 -25.584 -10.323]

N [ 17.251 -26.84   -9.929]
CA [ 17.357 -27.86  -10.982]
C [ 18.346 -28.994 -11.263]

N [ 19.199 -29.971 -11.505]
CA [ 19.076 -31.3   -12.122]
C [ 20.043 -31.756 -13.216]

N [ 20.878 -32.15  -14.159]
CA [ 21.279 -32.121 -15.573]
C [ 20.601 -31.65  -16.861]

N [ 20.015 -31.243 -17.972]
CA [ 19.52  -31.581 -19.314]
C [ 18.36  -32.318 -19.988]

N [ 17.36  -32.954 -20.569]
CA [ 16.376 -33.557 -19.659]
C [ 15.299 -33.931 -18.639]

N [ 14.369 -34.253 -17.759]
CA [ 13.893 -34.098 -16.377]
C [ 15.059 -33.317 -15.768]

N [ 16.066 -32.644 -15.242]
CA [ 17.137 -33.112 -14.351]
C [ 18.1   -34.049 -15.083]

Trial 89 successful, atoms coords:
CA [ 19.906 -21.957 -13.252]
C [ 18.749 -22.592 -12.492]

N [ 17.746 -23.142 -11.833]
CA [ 16.356 -23.538 -11.564]
C [ 14.889 -23.75  -11.185]

N [ 13.624 -23.932 -10.858]
CA [ 12.421 -24.728 -10.573]
C [ 11.728 -26.079 -10.762]

N [ 11.13  -27.245 -10.926]
CA [ 10.447 -28.111  -9.954]
C [ 11.102 -29.464  -9.668]

N [ 11.668 -30.631  -9.42 ]
CA [ 11.894 -32.058  -9.151]
C [ 12.225 -33.21  -10.102]

N [ 12.511 -34.204 -10.922]
CA [ 12.079 -35.332 -11.762]
C [ 11.378 -36.318 -12.698]

N [ 10.774 -37.168 -13.506]
CA [ 10.799 -36.758 -14.918]
C [ 12.154 -36.155 -15.294]

N [ 13.323 -35.634 -15.619]
CA [ 14.584 -35.069 -16.119]
C [ 15.305 -33.846 -15.549]

N [ 15.926 -32.79  -15.057]
CA [ 17.253 -32.969 -14.451]
C [ 18.176 -34.036 -15.044]

Trial 95 successful, atoms coords:
CA [ 19.906 -21.957 -13.252]
C [ 18.749 -22.592 -12.492]

N [ 17.746 -23.142 -11.833]
CA [ 16.538 -23.86  -12.266]
C [ 15.098 -24.279 -12.569]

N [ 13.856 -24.641 -12.831]
CA [ 12.505 -25.217 -12.868]
C [ 11.809 -25.73  -14.131]

N [ 11.209 -26.172 -15.221]
CA [ 10.299 -25.894 -16.341]
C [  8.911 -25.934 -16.984]

N [  7.714 -25.968 -17.539]
CA [  6.649 -26.921 -17.195]
C [  6.464 -28.159 -16.315]

N [  6.304 -29.226 -15.555]
CA [  6.951 -30.467 -15.105]
C [  7.834 -31.665 -14.747]

N [  8.595 -32.698 -14.439]
CA [  9.679 -33.634 -14.77 ]
C [ 11.024 -33.685 -14.043]

N [ 12.185 -33.729 -13.416]
CA [ 13.292 -32.881 -13.881]
C [ 14.704 -32.763 -14.46 ]

N [ 15.921 -32.662 -14.959]
CA [ 17.273 -32.996 -14.488]
C [ 18.153 -34.084 -15.107]

Trial 96 successful, atoms coords:
CA [ 19.906 -21.957 -13.252]
C [ 18.749 -22.592 -12.492]

N [ 17.746 -23.142 -11.833]
CA [ 17.595 -24.542 -12.257]
C [ 17.442 -26.064 -12.286]

N [ 17.311 -27.377 -12.31 ]
CA [ 16.172 -28.039 -12.963]
C [ 14.797 -27.37  -12.903]

N [ 13.612 -26.792 -12.852]
CA [ 12.407 -26.396 -12.109]
C [ 11.152 -27.263 -12.23 ]

N [ 10.069 -28.011 -12.334]
CA [  9.399 -29.213 -11.818]
C [ 10.042 -30.598 -11.721]

N [ 10.597 -31.792 -11.638]
CA [  9.57  -32.844 -11.676]
C [  9.591 -33.84  -12.837]

N [  9.608 -34.699 -13.84 ]
CA [ 10.447 -35.115 -14.973]
C [ 11.504 -34.577 -15.939]

N [ 12.416 -34.112 -16.773]
CA [ 13.433 -33.101 -16.451]
C [ 14.765 -32.899 -15.726]

N [ 15.914 -32.725 -15.1  ]
CA [ 17.222 -33.008 -14.49 ]
C [ 18.208 -34.049 -15.023]

Trial 97 successful, atoms coords:
CA [ 19.906 -21.957 -13.252]
C [ 18.749 -22.592 -12.492]

N [ 17.746 -23.142 -11.833]
CA [ 16.394 -23.57  -12.221]
C [ 14.968 -24.052 -12.491]

N [ 13.737 -24.468 -12.725]
CA [ 12.59  -24.063 -13.551]
C [ 11.077 -24.162 -13.754]

N [  9.772 -24.248 -13.929]
CA [  9.284 -24.991 -15.1  ]
C [  8.147 -26.012 -15.151]

N [  7.165 -26.894 -15.195]
CA [  6.472 -27.814 -16.108]
C [  6.452 -28.766 -17.305]

N [  6.436 -29.588 -18.338]
CA [  7.265 -29.742 -19.542]
C [  8.56  -30.54  -19.374]

N [  9.676 -31.229 -19.23 ]
CA [ 10.925 -31.477 -18.495]
C [ 11.837 -31.149 -17.311]

N [ 12.624 -30.865 -16.29 ]
CA [ 13.998 -30.687 -15.799]
C [ 15.117 -31.646 -15.387]

N [ 16.083 -32.473 -15.032]
CA [ 17.201 -33.129 -14.34 ]
C [ 18.074 -34.06  -15.184]

